 4.785065404705502
 0.741380351973408
 1.118946866342470
 0.136873385354388
 0.256633394730974
 0.817206321526058
 0.000000000000000
 0.000000000000000
-0.000000000000000
 0.000000000000000
 0.000000000000000
-0.000000000000000
 0.000000000000000
 0.000000000000000
-0.000000000000000
 0.000000000000000
 0.000000000000000
-0.000000000000000
 0.000000000000000
 0.000000000000000
-0.000000000000000
 0.000000000000000
 0.000000000000000
 0.000000000000000
 1.115813812152427
 0.000000000000000
 1.115813812152427
 0.000000000000000
 0.000000000000000
 1.115813812152427
 0.024477412258099
 0.000000000000000
 0.024477412258099
 0.000000000000000
 0.000000000000000
 0.024477412258099
 0.256683985810103
 0.000000000000000
 0.256683985810103
 0.000000000000000
 0.000000000000000
 0.256683985810103
 0.037808607416361
 0.000000000000000
 0.000000000000000
 0.000000000000000
 0.037808607416361
 0.000000000000000
 0.000000000000000
 0.000000000000000
 0.037808607416361
 0.817022605320914
 0.000000000000000
 0.817022605320914
 0.000000000000000
 0.000000000000000
 0.817022605320914
 0.180518392104632
 0.000000000000000
 0.180518392104632
 0.000000000000000
 0.000000000000000
 0.180518392104632
 0.000000000000000
 0.000000000000000
 0.000000000000000
 0.000000000000000
 0.000000000000000
 0.000000000000000
 0.000000000000000
 0.000000000000000
 0.000000000000000
 0.000000000000000
 0.000000000000000
 0.000000000000000
-0.000000000000000
 0.000000000000000
-0.000000000000000
 0.000000000000000
 0.000000000000000
-0.000000000000000
 0.000000000000000
 0.000000000000000
 0.000000000000000
 0.000000000000000
 0.000000000000000
 0.000000000000000
 0.000000000000000
 0.000000000000000
 0.000000000000000
 0.000000000000000
 0.000000000000000
 0.000000000000000
 0.000000000000000
 0.000000000000000
 0.000000000000000
 0.000000000000000
 0.000000000000000
 0.000000000000000
 0.880159093375045
 0.000000000000000
 0.047444445118384
 0.785270203138277
 0.000000000000000
 0.880159093375045
 0.000000000000000
 0.000000000000000
 0.000000000000000
 0.047444445118384
 0.000000000000000
 0.000000000000000
 0.000000000000000
 0.000000000000000
 0.047444445118384
 0.785270203138277
 0.000000000000000
 0.785270203138277
 0.000000000000000
 0.000000000000000
 0.880159093375045
 0.159028953813045
 0.381788700431517
 0.029107255214247
 0.088639046604491
 0.054208207239172
 0.311911628346485
 0.000000000000000
 0.208975170450133
 0.175289465612119
 0.000000000000000
 0.001028596856434
 0.000862792421254
 0.000000000000000
 0.049151047350638
 0.041228155506758
 0.000000000000000
 0.005091750233326
 0.004270986718219
 0.000000000000000
 0.001923027401919
 0.001613045439387
 0.000000000000000
 0.184701361441018
 0.154928467698285
 0.000000000000000
 0.038683534029509
 0.032447950603007
 0.009336058122476
 0.000000000000000
 0.000000000000000
 0.000000000000000
 0.011813922734513
 0.002078445792233
 0.000000000000000
 0.002078445792233
 0.011079469320272
 0.054104219459936
 0.000000000000000
 0.054291571211162
 0.000000000000000
 0.000157151628507
 0.054236039067604
 0.054125156914812
 0.000000000000000
 0.000000000000000
 0.000000000000000
 0.075855681518665
 0.018227677656995
 0.000000000000000
 0.018227677656995
 0.069414628237947
 0.306655599347507
 0.000000000000000
 0.315738293535417
 0.000000000000000
 0.007618611374202
 0.313046130402530
 0.000000000000000
 0.008064485483452
 0.000000000000000
 0.006764532589140
 0.000000000000000
 0.000000000000000
 0.176295759644369
 0.000000000000000
 0.197638924560966
 0.000000000000000
 0.011138225736852
 0.179964436324773
 0.147877804962089
 0.000000000000000
 0.152251498109802
 0.000000000000000
 0.011733162163856
 0.164484175321776
 0.517125360977304
 0.006270522616106
 0.122013556886528
 0.019208705902818
 0.491873027324534
 0.146642827474200
 0.000000000000000
 0.009188483135799
 0.007707347696814
 0.000000000000000
 0.011128525245716
 0.009334665162233
 0.000000000000000
 0.095810960370799
 0.080366734512074
 0.000000000000000
 0.105474819021288
 0.088472829676139
 0.471913115835107
 0.000000000000000
 0.506704669305872
 0.000000000000000
 0.029183336960891
 0.496392251464638
 0.021048752318672
 0.000000000000000
 0.096048971720199
 0.000000000000000
 0.062910576176908
 0.073818472547383
 0.026686622886860
 0.289333860384054
 0.000000000000000
 0.237637271677700
 0.199331385983227
 0.774605943919898
 0.159028953813045
 0.381788700431517
 0.029107255214247
 0.088639046604491
 0.054208207239172
 0.311911628346485
 0.000000000000000
-0.208975170450133
 0.175289465612119
 0.000000000000000
-0.001028596856434
 0.000862792421254
 0.000000000000000
-0.049151047350638
 0.041228155506758
 0.000000000000000
-0.005091750233326
 0.004270986718219
 0.000000000000000
-0.001923027401919
 0.001613045439387
 0.000000000000000
-0.184701361441018
 0.154928467698285
 0.000000000000000
-0.038683534029509
 0.032447950603007
 0.009336058122476
 0.000000000000000
 0.000000000000000
 0.000000000000000
 0.011813922734513
-0.002078445792233
 0.000000000000000
-0.002078445792233
 0.011079469320272
 0.054104219459936
 0.000000000000000
 0.054291571211162
 0.000000000000000
-0.000157151628507
 0.054236039067604
 0.054125156914812
 0.000000000000000
 0.000000000000000
 0.000000000000000
 0.075855681518665
-0.018227677656995
 0.000000000000000
-0.018227677656995
 0.069414628237947
 0.306655599347507
 0.000000000000000
 0.315738293535417
 0.000000000000000
-0.007618611374202
 0.313046130402530
 0.000000000000000
-0.008064485483452
 0.000000000000000
 0.006764532589140
 0.000000000000000
 0.000000000000000
-0.176295759644369
 0.000000000000000
-0.197638924560966
 0.000000000000000
 0.011138225736852
-0.179964436324773
 0.147877804962089
 0.000000000000000
 0.152251498109802
 0.000000000000000
-0.011733162163856
 0.164484175321776
 0.154983826095369
 0.006178562861131
 0.036324481156051
 0.018637075964466
 0.018637075964466
 0.138899129503383
 0.120424410513661
 0.000000000000000
 0.000000000000000
 0.002735070642527
 0.000000000000000
-0.009851358272803
 0.009063088333113
 0.000000000000000
 0.009851358272803
 0.009063088333113
 0.000000000000000
 0.000000000000000
 0.024748716021254
 0.000000000000000
-0.059473510026833
 0.070735331310826
 0.000000000000000
 0.059473510026833
 0.070735331310826
 0.135540657848790
 0.000000000000000
 0.138097677983239
 0.000000000000000
 0.000000000000000
 0.142908608378693
 0.016764912164332
 0.000000000000000
 0.000000000000000
 0.000000000000000
-0.013036508898613
-0.034131389240033
 0.000000000000000
 0.034131389240033
 0.057682230376614
 0.007800931718220
 0.025610632874342
 0.065308066611221
 0.196819899854417
 0.000000000000000
 0.040452941573134
 0.044287849234219
 0.000000000000000
-0.085489074048849
 0.126882792323867
 0.133977082851046
 0.517125360977304
 0.006270522616106
 0.122013556886528
 0.019208705902818
 0.491873027324534
 0.146642827474200
 0.000000000000000
-0.009188483135799
 0.007707347696814
 0.000000000000000
-0.011128525245716
 0.009334665162233
 0.000000000000000
-0.095810960370799
 0.080366734512074
 0.000000000000000
-0.105474819021288
 0.088472829676139
 0.471913115835107
 0.000000000000000
 0.506704669305872
 0.000000000000000
-0.029183336960891
 0.496392251464638
 0.021048752318672
 0.000000000000000
 0.096048971720199
 0.000000000000000
-0.062910576176908
 0.073818472547383
 0.025610632874342
 0.007800931718220
 0.196819899854417
 0.065308066611221
 0.000000000000000
 0.085489074048849
 0.126882792323867
 0.000000000000000
-0.040452941573134
 0.044287849234219
 0.342541413419711
 0.035634211559360
 0.026686622886860
 0.289333860384054
 0.000000000000000
-0.237637271677700
 0.199331385983227
 0.133977082851046
 0.774605943919898
